1. kor
[0,0] : b 1 0 0
[0,1] : h 1 0 0
[0,2] : f 1 0 0
[0,3] : k 1 0 0
[0,4] : v 1 0 0
[0,5] : f 1 0 0
[0,6] : h 1 0 0
[0,7] : b 1 0 0
[1,0] : g 1 0 0
[1,1] : g 1 0 0
[1,2] : g 1 0 0
[1,3] : g 1 0 0
[1,4] : g 1 0 0
[1,5] : g 1 0 0
[1,7] : g 1 0 0
[3,6] : g 1 1 0
[6,0] : g 0 0 0
[6,1] : g 0 0 0
[6,2] : g 0 0 0
[6,3] : g 0 0 0
[6,4] : g 0 0 0
[6,5] : g 0 0 0
[6,6] : g 0 0 0
[6,7] : g 0 0 0
[7,0] : b 0 0 0
[7,1] : h 0 0 0
[7,2] : f 0 0 0
[7,3] : k 0 0 0
[7,4] : v 0 0 0
[7,5] : f 0 0 0
[7,6] : h 0 0 0
[7,7] : b 0 0 0
.
